5000        4.53e-3               
6000        1.46e-1               
7000         1.79                 
8000         9.15                 
9000         20.1                 
10000        30.3                 
11000         40.0                
12000         49.5        
13000         58.6        
14000         67.2        
15000         75.0        
16000         81.8        
17000         88.0        
18000         94.1        
19000         99.6        
20000         105.0        
22000         115.        
24000        122.6        
26000         123.5       
28000         121.6       
30000         119.7       
32000         121.9       
34000         126.2       
35000         128.7       
