   1.7067043926877406E-005    422396.0582631514     
   3.4134087853754811E-005    218392.4009002987     
   5.1201131780632217E-005    150454.7812439990     
   6.8268175707509622E-005    116505.3889330175     
   8.5335219634387035E-005    96143.68998711272     
   1.0240226356126443E-004    82573.07132542686     
   1.1946930748814185E-004    72881.86292565854     
   1.3653635141501924E-004    65614.69023934138     
   1.5360339534189666E-004    59963.21962666998     
   1.7067043926877407E-004    55442.55424489974     
   1.8773748319565148E-004    51744.17879559178     
   2.0480452712252887E-004    48662.44797835420     
   2.2187157104940628E-004    46055.01085790567     
   2.3893861497628369E-004    43820.19997285910     
   2.5600565890316110E-004    41883.46679101811     
   2.7307270283003849E-004    40188.90497531880     
   2.9013974675691587E-004    38693.76607924855     
   3.0720679068379331E-004    37364.80372863444     
   3.2427383461067075E-004    36175.77251072126     
   3.4134087853754814E-004    35105.67734830597     
   3.5840792246442552E-004    34137.52315172908     
   3.7547496639130296E-004    33257.40554092410     
   3.9254201031818035E-004    32453.83881534722     
   4.0960905424505773E-004    31717.25196254764     
   4.2667609817193512E-004    31039.60564658951     
   4.4374314209881256E-004    30414.09759941556     
   4.6081018602568994E-004    29834.93349213575     
   4.7787722995256738E-004    29297.14691364384     
   4.9494427387944471E-004    28796.45660120973     
   5.1201131780632221E-004    28329.15222958501     
   5.2907836173319959E-004    27892.00230895068     
   5.4614540566007698E-004    27482.17935468506     
   5.6321244958695447E-004    27097.19866469809     
   5.8027949351383175E-004    26734.86790237686     
   5.9734653744070924E-004    26393.24532371795     
   6.1441358136758663E-004    26070.60496760086     
   6.3148062529446401E-004    25765.40749167535     
   6.4854766922134151E-004    25476.27561374246     
   6.6561471314821878E-004    25201.97333189552     
   6.8268175707509628E-004    24941.38826205306     
   6.9974880100197366E-004    24693.51656057996     
   7.1681584492885105E-004    24457.45000109477     
   7.3388288885572843E-004    24232.36485474003     
   7.5094993278260593E-004    24017.51228696604     
   7.6801697670948331E-004    23812.21003489914     
   7.8508402063636070E-004    23615.83517039981     
   8.0215106456323808E-004    23427.81778709372     
   8.1921810849011547E-004    23247.63547661541     
   8.3628515241699296E-004    23074.80848130654     
   8.5335219634387024E-004    22908.89542865543     
   8.7041924027074773E-004    22749.48956762223     
   8.8748628419762512E-004    22596.21543928140     
   9.0455332812450261E-004    22448.72592441260     
   9.2162037205137989E-004    22306.69961917125     
   9.3868741597825727E-004    22169.83849707964     
   9.5575445990513477E-004    22037.86582154369     
   9.7282150383201226E-004    21910.52427812789     
   9.8988854775888943E-004    21787.57430006106     
   1.0069555916857669E-003    21668.79256404737     
   1.0240226356126444E-003    21553.97063650982     
   1.0410896795395219E-003    21442.91375300352     
   1.0581567234663992E-003    21335.43971576056     
   1.0752237673932765E-003    21231.37789624058     
   1.0922908113201540E-003    21130.56833120120     
   1.1093578552470314E-003    21032.86090221480     
   1.1264248991739089E-003    20938.11458978181     
   1.1434919431007862E-003    20846.19679424540     
   1.1605589870276635E-003    20756.98271663102     
   1.1776260309545410E-003    20670.35479333029     
   1.1946930748814185E-003    20586.20217924430     
   1.2117601188082960E-003    20504.42027460963     
   1.2288271627351733E-003    20424.91029125735     
   1.2458942066620505E-003    20347.57885452638     
   1.2629612505889280E-003    20272.33763745535     
   1.2800282945158055E-003    20199.10302424231     
   1.2970953384426830E-003    20127.79580027553     
   1.3141623823695603E-003    20058.34086631886     
   1.3312294262964376E-003    19990.66697468517     
   1.3482964702233151E-003    19924.70648544888     
   1.3653635141501926E-003    19860.39514094327     
   1.3824305580770700E-003    19797.67185696341     
   1.3994976020039473E-003    19736.47852924796     
   1.4165646459308246E-003    19676.75985395135     
   1.4336316898577021E-003    19618.46316094016     
   1.4506987337845796E-003    19561.53825885730     
   1.4677657777114569E-003    19505.93729099741     
   1.4848328216383344E-003    19451.61460112143     
   1.5018998655652119E-003    19398.52660842179     
   1.5189669094920891E-003    19346.63169091655     
   1.5360339534189666E-003    19295.89007661887     
   1.5531009973458439E-003    19246.26374188156     
   1.5701680412727214E-003    19197.71631637237     
   1.5872350851995989E-003    19150.21299418016     
   1.6043021291264762E-003    19103.72045059576     
   1.6213691730533537E-003    19058.20676414844     
   1.6384362169802309E-003    19013.64134351609     
   1.6555032609071084E-003    18969.99485895650     
   1.6725703048339859E-003    18927.23917793695     
   1.6896373487608632E-003    18885.34730466492     
   1.7067043926877405E-003    18844.29332324829     
   1.7237714366146180E-003    18804.05234423080     
   1.7408384805414955E-003    18764.60045427398     
   1.7579055244683730E-003    18725.91466876984     
   1.7749725683952502E-003    18687.97288718756     
   1.7920396123221273E-003    18650.75385097220     
   1.8091066562490052E-003    18614.23710382633     
   1.8261737001758823E-003    18578.40295421938     
   1.8432407441027598E-003    18543.23243997958     
   1.8603077880296373E-003    18508.70729483536     
   1.8773748319565145E-003    18474.80991678145     
   1.8944418758833920E-003    18441.52333815545     
   1.9115089198102695E-003    18408.83119731734     
   1.9285759637371470E-003    18376.71771183303     
   1.9456430076640245E-003    18345.16765306862     
   1.9627100515909020E-003    18314.16632211161     
   1.9797770955177789E-003    18283.69952693606     
   1.9968441394446566E-003    18253.75356074020     
   2.0139111833715338E-003    18224.31518138468     
   2.0309782272984111E-003    18195.37159186788     
   2.0480452712252888E-003    18166.91042177778     
   2.0651123151521661E-003    18138.91970966313     
   2.0821793590790438E-003    18111.38788627177     
   2.0992464030059211E-003    18084.30375860741     
   2.1163134469327984E-003    18057.65649475637     
   2.1333804908596761E-003    18031.43560944418     
   2.1504475347865529E-003    18005.63095027913     
   2.1675145787134306E-003    17980.23268464595     
   2.1845816226403079E-003    17955.23128721398     
   2.2016486665671852E-003    17930.61752802661     
   2.2187157104940629E-003    17906.38246113941     
   2.2357827544209402E-003    17882.51741378049     
   2.2528497983478179E-003    17859.01397600154     
   2.2699168422746952E-003    17835.86399079755     
   2.2869838862015724E-003    17813.05954466793     
   2.3040509301284497E-003    17790.59295859700     
   2.3211179740553270E-003    17768.45677943356     
   2.3381850179822047E-003    17746.64377164651     
   2.3552520619090820E-003    17725.14690944040     
   2.3723191058359593E-003    17703.95936921006     
   2.3893861497628370E-003    17683.07452231976     
   2.4064531936897142E-003    17662.48592818829     
   2.4235202376165920E-003    17642.18732766795     
   2.4405872815434692E-003    17622.17263669973     
   2.4576543254703465E-003    17602.43594023392     
   2.4747213693972238E-003    17582.97148640180     
   2.4917884133241011E-003    17563.77368092714     
   2.5088554572509788E-003    17544.83708176555     
   2.5259225011778560E-003    17526.15639396133     
   2.5429895451047338E-003    17507.72646471140     
   2.5600565890316110E-003    17489.54227862684     
   2.5771236329584883E-003    17471.59895318204     
   2.5941906768853660E-003    17453.89173434463     
   2.6112577208122433E-003    17436.41599237610     
   2.6283247647391206E-003    17419.16721779550     
   2.6453918086659979E-003    17402.14101750079     
   2.6624588525928751E-003    17385.33311103805     
   2.6795258965197528E-003    17368.73932701409     
   2.6965929404466301E-003    17352.35559964495     
   2.7136599843735078E-003    17336.17796543472     
   2.7307270283003851E-003    17320.20255997871     
   2.7477940722272624E-003    17304.42561488649     
   2.7648611161541401E-003    17288.84345481787     
   2.7819281600810169E-003    17273.45249462844     
   2.7989952040078946E-003    17258.24923662011     
   2.8160622479347719E-003    17243.23026789066     
   2.8331292918616492E-003    17228.39225777964     
   2.8501965042271541E-003    17213.73181158664     
   2.8672633797154042E-003    17199.24618729404     
   2.8843302552036543E-003    17184.93199551765     
   2.9013974675691592E-003    17170.78593331434     
   2.9184646799346641E-003    17156.80533013889     
   2.9355315554229137E-003    17142.98757109818     
   2.9525984309111638E-003    17129.32955946367     
   2.9696656432766687E-003    17115.82827593260     
   2.9867328556421732E-003    17102.48130012009     
   3.0037997311304237E-003    17089.28626062984     
   3.0208666066186738E-003    17076.24032173061     
   3.0379338189841783E-003    17063.34071723749     
   3.0550010313496832E-003    17050.58524913665     
   3.0720679068379332E-003    17037.97176263421     
   3.0891347823261829E-003    17025.49765539287     
   3.1062019946916878E-003    17013.16038771352     
   3.1232692070571927E-003    17000.95795975345     
   3.1403360825454428E-003    16988.88840988097     
   3.1574029580336929E-003    16976.94934501014     
   3.1744701703991978E-003    16965.13842861662     
   3.1915373827647022E-003    16953.45383789079     
   3.2086042582529523E-003    16941.89378387373     
   3.2256711337412024E-003    16930.45606154993     
   3.2427383461067073E-003    16919.13851710548     
   3.2598055584722122E-003    16907.93948624738     
   3.2768724339604619E-003    16896.85733472688     
   3.2939393094487119E-003    16885.89002696396     
   3.3110065218142169E-003    16875.03557383766     
   3.3280737341797213E-003    16864.29245330679     
   3.3451406096679718E-003    16853.65917004303     
   3.3622074851562215E-003    16843.13384146048     
   3.3792746975217264E-003    16832.71462722542     
   3.3963419098872313E-003    16822.40013322307     
   3.4134087853754809E-003    16812.18898912948     
   3.4304756608637315E-003    16802.07945080896     
   3.4475428732292359E-003    16792.06981263553     
   3.4646100855947408E-003    16782.15879577288     
   3.4816769610829909E-003    16772.34514260521     
   3.4987438365712410E-003    16762.62723454858     
   3.5158110489367459E-003    16753.00348819180     
   3.5328782613022504E-003    16743.47272878079     
   3.5499451367905005E-003    16734.03380051822     
   3.5670120122787501E-003    16724.68519890447     
   3.5840792246442546E-003    16715.42545163010     
   3.6011464370097604E-003    16706.25347809107     
   3.6182133124980104E-003    16697.16821464041     
   3.6352801879862601E-003    16688.16826064467     
   3.6523474003517646E-003    16679.25224498735     
   3.6694146127172699E-003    16670.41917238291     
   3.6864814882055195E-003    16661.66806273349     
   3.7035483636937696E-003    16652.99761014474     
   3.7206155760592745E-003    16644.40653583948     
   3.7376827884247790E-003    16635.89392198045     
   3.7547496639130291E-003    16627.45886434990     
   3.7718165394012796E-003    16619.10014362378     
   3.7888837517667841E-003    16610.81656543461     
   3.8059509641322890E-003    16602.60728236655     
   3.8230178396205391E-003    16594.47145923006     
   3.8400847151087891E-003    16586.40795594348     
   3.8571519274742940E-003    16578.41565543407     
   3.8742191398397985E-003    16570.49377441969     
   3.8912860153280490E-003    16562.64154060499     
   3.9083528908162987E-003    16554.85788656537     
   3.9254201031818040E-003    16547.14176612433     
   3.9424873155473085E-003    16539.49245449718     
   3.9595541910355577E-003    16531.90923678112     
   3.9766210665238078E-003    16524.39111227771     
   3.9936882788893131E-003    16516.93709994260     
   4.0107554912548185E-003    16509.54652842635     
   4.0278223667430677E-003    16502.21873527523     
   4.0448892422313178E-003    16494.95278116606     
   4.0619564545968222E-003    16487.74774498376     
   4.0790236669623276E-003    16480.60300425936     
   4.0960905424505777E-003    16473.51794453851     
   4.1131574179388277E-003    16466.49168303647     
   4.1302246303043322E-003    16459.52335386270     
   4.1472918426698367E-003    16452.61237932410     
   4.1643587181580876E-003    16445.75818895286     
   4.1814255936463377E-003    16438.95995212366     
   4.1984928060118422E-003    16432.21685390840     
   4.2155600183773467E-003    16425.52835768444     
   4.2326268938655967E-003    16418.89393334624     
   4.2496937693538468E-003    16412.31279845551     
   4.2667609817193522E-003    16405.78418518030     
   4.2838281940848566E-003    16399.30759461686     
   4.3008950695731058E-003    16392.88253374396     
   4.3179619450613559E-003    16386.50826470141     
   4.3350291574268613E-003    16380.18406323855     
   4.3520963697923657E-003    16373.90946513681     
   4.3691632452806158E-003    16367.68401148814     
   4.3862301207688659E-003    16361.50700572670     
   4.4032973331343704E-003    16355.37776398448     
   4.4203645454998757E-003    16349.29585397489     
   4.4374314209881258E-003    16343.26084820820     
   4.4544982964763759E-003    16337.27208842023     
   4.4715655088418804E-003    16331.32892820867     
   4.4886327212073848E-003    16325.43096471943     
   4.5056995966956358E-003    16319.57779943117     
   4.5227664721838859E-003    16313.76880964990     
   4.5398336845493903E-003    16308.00338377646     
   4.5569008969148948E-003    16302.28114611453     
   4.5739677724031449E-003    16296.60172488304     
   4.5910346478913950E-003    16290.96453046120     
   4.6081018602568994E-003    16285.36898361772     
   4.6251690726224048E-003    16279.81473374305     
   4.6422359481106540E-003    16274.30143376539     
   4.6593028235989041E-003    16268.82852485138     
   4.6763700359644094E-003    16263.39545790858     
   4.6934372483299139E-003    16258.00190552485     
   4.7105041238181640E-003    16252.64754348470     
   4.7275709993064140E-003    16247.33184164711     
   4.7446382116719185E-003    16242.05427901471     
   4.7617054240374239E-003    16236.81454964726     
   4.7787722995256739E-003    16231.61235049251     
   4.7958391750139240E-003    16226.44717817954     
   4.8129063873794285E-003    16221.31853792878     
   4.8299735997449338E-003    16216.22614369480     
   4.8470404752331839E-003    16211.16971204011     
   4.8641073507214331E-003    16206.14876459643     
   4.8811745630869385E-003    16201.16283107734     
   4.8982417754524429E-003    16196.21164388747     
   4.9153086509406930E-003    16191.29493778643     
   4.9323755264289431E-003    16186.41225778272     
   4.9494427387944476E-003    16181.56315649489     
   4.9665099511599520E-003    16176.74738345425     
   4.9835768266482021E-003    16171.96469031707     
   5.0006437021364522E-003    16167.21464397060     
   5.0177109145019575E-003    16162.49681847513     
   5.0347781268674620E-003    16157.81097927420     
   5.0518450023557121E-003    16153.15689372718     
   5.0689118778439622E-003    16148.53414921838     
   5.0859790902094675E-003    16143.94233989984     
   5.1030463025749720E-003    16139.38124601169     
   5.1201131780632221E-003    16134.85064951937     
   5.1371800535514722E-003    16130.35015702871     
   5.1542472659169766E-003    16125.87938153641     
   5.1713144782824820E-003    16121.43811705285     
   5.1883813537707320E-003    16117.02615914138     
   5.2054482292589813E-003    16112.64313244906     
   5.2225154416244866E-003    16108.28866766452     
   5.2395826539899911E-003    16103.96257162388     
   5.2566495294782412E-003    16099.66465255897     
   5.2737164049664912E-003    16095.39455206706     
   5.2907836173319957E-003    16091.15191746074     
   5.3078508296975002E-003    16086.93656753168     
   5.3249177051857503E-003    16082.74832232430     
   5.3419845806740012E-003    16078.58683937394     
   5.3590517930395057E-003    16074.45178162841     
   5.3761190054050102E-003    16070.34297903190     
   5.3931858808932602E-003    16066.26026265126     
   5.4102527563815103E-003    16062.20330502201     
   5.4273199687470157E-003    16058.17178380931     
   5.4443871811125201E-003    16054.16553936901     
   5.4614540566007702E-003    16050.18441306035     
   5.4785209320890203E-003    16046.22809154824     
   5.4955881444545248E-003    16042.29626636352     
   5.5126553568200301E-003    16038.38878758769     
   5.5297222323082802E-003    16034.50550619861     
   5.5467891077965294E-003    16030.64612218120     
   5.5638563201620339E-003    16026.81034013920     
   5.5809235325275392E-003    16022.99801924722     
   5.5979904080157893E-003    16019.20901947699     
   5.6150572835040394E-003    16015.44305338054     
   5.6321244958695438E-003    16011.69983789786     
   5.6491917082350483E-003    16007.97924070982     
   5.6662585837232984E-003    16004.28113020415     
   5.6833254592115494E-003    16000.60523079886     
   5.7003930084543082E-003    15996.95119917728     
   5.7174598839425583E-003    15993.31912670364     
   5.7345267594308084E-003    15989.70867392502     
   5.7515936349190585E-003    15986.11964837934     
   5.7686605104073085E-003    15982.55185988217     
   5.7857280596500683E-003    15979.00498089045     
   5.8027949351383184E-003    15975.47910570047     
   5.8198618106265676E-003    15971.97391033165     
   5.8369293598693282E-003    15968.48907621606     
   5.8539962353575782E-003    15965.02469919256     
   5.8710631108458275E-003    15961.58046408818     
   5.8881299863340775E-003    15958.15619575382     
   5.9051968618223276E-003    15954.75172106571     
   5.9222644110650874E-003    15951.36673565601     
   5.9393312865533374E-003    15948.00133760740     
   5.9563981620415875E-003    15944.65522568683     
   5.9734657112843464E-003    15941.32810361732     
   5.9905325867725965E-003    15938.02007064792     
   6.0075994622608474E-003    15934.73083349133     
   6.0246663377490975E-003    15931.46023240850     
   6.0417332132373476E-003    15928.20810946505     
   6.0588007624801064E-003    15924.97418120424     
   6.0758676379683565E-003    15921.75854854428     
   6.0929345134566066E-003    15918.56093079302     
   6.1100020626993663E-003    15915.38105180831     
   6.1270689381876164E-003    15912.21901335971     
   6.1441358136758665E-003    15909.07454194375     
   6.1612026891641157E-003    15905.94749157298     
   6.1782695646523658E-003    15902.83771787285     
   6.1953371138951264E-003    15899.74495630689     
   6.2124039893833756E-003    15896.66930983412     
   6.2294708648716257E-003    15893.61051636132     
   6.2465384141143854E-003    15890.56831798298     
   6.2636052896026355E-003    15887.54281824609     
   6.2806721650908856E-003    15884.53376157854     
   6.2977390405791357E-003    15881.54101429610     
   6.3148059160673857E-003    15878.56444415927     
   6.3318734653101446E-003    15875.60380379594     
   6.3489403407983955E-003    15872.65919754217     
   6.3660072162866456E-003    15869.73038018924     
   6.3830747655294045E-003    15866.81711039118     
   6.4001416410176546E-003    15863.91949285199     
   6.4172085165059047E-003    15861.03728829384     
   6.4342753919941547E-003    15858.17037406602     
   6.4513422674824048E-003    15855.31862881583     
   6.4684098167251645E-003    15852.48182078156     
   6.4854766922134146E-003    15849.66005512156     
   6.5025435677016638E-003    15846.85310199382     
   6.5196111169444244E-003    15844.06073512612     
   6.5366779924326745E-003    15841.28305986201     
   6.5537448679209237E-003    15838.51985176548     
   6.5708117434091738E-003    15835.77099810462     
   6.5878786188974239E-003    15833.03638731561     
   6.6049461681401836E-003    15830.31580186816     
   6.6220130436284337E-003    15827.60934728049     
   6.6390799191166838E-003    15824.91680772856     
   6.6561474683594427E-003    15822.23797069499     
   6.6732143438476927E-003    15819.57294172996     
   6.6902812193359437E-003    15816.92150994908     
   6.7073480948241938E-003    15814.28357155650     
   6.7244149703124430E-003    15811.65902380980     
   6.7414825195552027E-003    15809.04766218269     
   6.7585493950434528E-003    15806.44959216832     
   6.7756162705317029E-003    15803.86461075954     
   6.7926838197744626E-003    15801.29251801746     
   6.8097506952627127E-003    15798.73341934009     
   6.8268175707509619E-003    15796.18711624379     
   6.8438844462392120E-003    15793.65351300021     
   6.8609513217274629E-003    15791.13251483376     
   6.8780188709702209E-003    15788.62392912701     
   6.8950857464584719E-003    15786.12786102748     
   6.9121526219467211E-003    15783.64411927231     
   6.9292201711894817E-003    15781.17251545150     
   6.9462870466777309E-003    15778.71315451218     
   6.9633539221659818E-003    15776.26584934226     
   6.9804207976542311E-003    15773.83051151253     
   6.9974876731424820E-003    15771.40705345676     
   7.0145552223852409E-003    15768.99529348622     
   7.0316220978734918E-003    15766.59533613777     
   7.0486889733617410E-003    15764.20700093265     
   7.0657565226045008E-003    15761.83011004880     
   7.0828233980927500E-003    15759.46476773563     
   7.0998902735810009E-003    15757.11079733110     
   7.1169571490692510E-003    15754.76811702248     
   7.1340240245575002E-003    15752.43664577976     
   7.1510915738002600E-003    15750.11621196430     
   7.1681584492885092E-003    15747.80691928354     
   7.1852253247767610E-003    15745.50859718057     
   7.2022928740195207E-003    15743.22107757762     
   7.2193597495077699E-003    15740.94446382209     
   7.2364266249960209E-003    15738.67858887430     
   7.2534935004842692E-003    15736.42337693034     
   7.2705603759725202E-003    15734.17875289799     
   7.2876279252152799E-003    15731.94455439895     
   7.3046948007035291E-003    15729.72088413045     
   7.3217616761917783E-003    15727.50758068267     
   7.3388292254345398E-003    15725.30448496203     
   7.3558961009227881E-003    15723.11169924801     
   7.3729629764110391E-003    15720.92906537676     
   7.3900298518992883E-003    15718.75651301165     
   7.4070967273875393E-003    15716.59397246485     
   7.4241642766302981E-003    15714.44128990512     
   7.4412311521185491E-003    15712.29856687395     
   7.4582980276067983E-003    15710.16565040923     
   7.4753655768495580E-003    15708.04238971621     
   7.4924324523378072E-003    15705.92888587087     
   7.5094993278260582E-003    15703.82498891238     
   7.5265662033143083E-003    15701.73063348753     
   7.5436330788025592E-003    15699.64575483448     
   7.5607006280453172E-003    15697.57020702734     
   7.5777675035335681E-003    15695.50409033239     
   7.5948343790218174E-003    15693.44725960348     
   7.6119019282645780E-003    15691.39957172565     
   7.6289688037528272E-003    15689.36112646212     
   7.6460356792410781E-003    15687.33178144673     
   7.6631025547293273E-003    15685.31147587599     
   7.6801694302175783E-003    15683.30014948618     
   7.6972369794603372E-003    15681.29766367455     
   7.7143038549485881E-003    15679.30411733818     
   7.7313707304368373E-003    15677.31937257420     
   7.7484382796795970E-003    15675.34329338683     
   7.7655051551678471E-003    15673.37597813951     
   7.7825720306560981E-003    15671.41729150943     
   7.7996389061443473E-003    15669.46717685307     
   7.8167057816325974E-003    15667.52557802222     
   7.8337733308753571E-003    15665.59236320836     
   7.8508402063636080E-003    15663.66762986503     
   7.8679070818518555E-003    15661.75124681388     
   7.8849746310946170E-003    15659.84308466872     
   7.9020415065828662E-003    15657.94324032581     
   7.9191083820711154E-003    15656.05158500456     
   7.9361752575593646E-003    15654.16806587219     
   7.9532421330476156E-003    15652.29263054961     
   7.9703096822903753E-003    15650.42515354413     
   7.9873765577786263E-003    15648.56573080754     
   8.0044434332668755E-003    15646.71423741414     
   8.0215109825096369E-003    15644.87055012480     
   8.0385778579978844E-003    15643.03476431647     
   8.0556447334861354E-003    15641.20675729511     
   8.0727116089743846E-003    15639.38647972364     
   8.0897784844626355E-003    15637.57388268129     
   8.1068460337053935E-003    15635.76884655426     
   8.1239129091936445E-003    15633.97146574966     
   8.1409797846818937E-003    15632.18162116460     
   8.1580473339246552E-003    15630.39919528504     
   8.1751142094129044E-003    15628.62428193086     
   8.1921810849011553E-003    15626.85676407908     
   8.2092479603894045E-003    15625.09659560388     
   8.2263148358776555E-003    15623.34373076194     
   8.2433823851204135E-003    15621.59805542005     
   8.2604492606086644E-003    15619.85966241040     
   8.2775161360969136E-003    15618.12843806033     
   8.2945836853396734E-003    15616.40427019552     
   8.3116505608279243E-003    15614.68725105278     
   8.3287174363161753E-003    15612.97726890081     
   8.3457843118044245E-003    15611.27428056789     
   8.3628511872926754E-003    15609.57824323418     
   8.3799187365354334E-003    15607.88904788311     
   8.3969856120236844E-003    15606.20678575229     
   8.4140524875119336E-003    15604.53134823964     
   8.4311200367546933E-003    15602.86262815961     
   8.4481869122429425E-003    15601.20071614841     
   8.4652537877311935E-003    15599.54550541959     
   8.4823206632194427E-003    15597.89695552274     
   8.4993875387076936E-003    15596.25502633222     
   8.5164550879504534E-003    15594.61961361418     
   8.5335219634387043E-003    15592.99080700009     
   8.5505888389269518E-003    15591.36850263104     
   8.5676563881697133E-003    15589.75259798662     
   8.5847232636579625E-003    15588.14318209483     
   8.6017901391462117E-003    15586.54015279583     
   8.6188570146344609E-003    15584.94347214939     
   8.6359238901227119E-003    15583.35310251519     
   8.6529914393654716E-003    15581.76894413719     
   8.6700583148537225E-003    15580.19108503676     
   8.6871251903419718E-003    15578.61942579613     
   8.7041927395847315E-003    15577.05386826521     
   8.7212596150729807E-003    15575.49449986113     
   8.7383264905612316E-003    15573.94122275965     
   8.7553933660494809E-003    15572.39400133882     
   8.7724602415377318E-003    15570.85280025418     
   8.7895277907804898E-003    15569.31752394687     
   8.8065946662687408E-003    15567.78825883047     
   8.8236615417569917E-003    15566.26490965145     
   8.8407290909997514E-003    15564.74738235803     
   8.8577959664880006E-003    15563.23576276168     
   8.8748628419762516E-003    15561.72995710454     
   8.8919297174645008E-003    15560.22993190874     
   8.9089965929527518E-003    15558.73565395317     
   8.9260641421955098E-003    15557.24703161856     
   8.9431310176837607E-003    15555.76414971764     
   8.9601978931720099E-003    15554.28691690704     
   8.9772654424147696E-003    15552.81524298264     
   8.9943323179030206E-003    15551.34921215957     
   9.0113991933912715E-003    15549.88873449909     
   9.0284660688795208E-003    15548.43377850889     
   9.0455329443677717E-003    15546.98431293414     
   9.0626004936105297E-003    15545.54024985736     
   9.0796673690987807E-003    15544.10167250219     
   9.0967342445870299E-003    15542.66849320062     
   9.1138017938297896E-003    15541.24062536572     
   9.1308686693180388E-003    15539.81815162946     
   9.1479355448062898E-003    15538.40098564500     
   9.1650024202945390E-003    15536.98909775992     
   9.1820692957827899E-003    15535.58245854263     
   9.1991368450255497E-003    15534.18098355796     
   9.2162037205137989E-003    15532.78475445624     
   9.2332705960020481E-003    15531.39368702786     
   9.2503381452448095E-003    15530.00769809070     
   9.2674050207330570E-003    15528.62686870998     
   9.2844718962213080E-003    15527.25111592029     
   9.3015387717095572E-003    15525.88041177694     
   9.3186056471978081E-003    15524.51472854026     
   9.3356731964405679E-003    15523.15398505495     
   9.3527400719288188E-003    15521.79826141677     
   9.3698069474170680E-003    15520.44747667427     
   9.3868744966598278E-003    15519.10155085300     
   9.4039413721480770E-003    15517.76056347105     
   9.4210082476363279E-003    15516.42443475003     
   9.4380751231245771E-003    15515.09313833204     
   9.4551419986128281E-003    15513.76664804906     
   9.4722095478555861E-003    15512.44488583858     
   9.4892764233438370E-003    15511.12793026261     
   9.5063432988320880E-003    15509.81570344230     
   9.5234108480748477E-003    15508.50812842909     
   9.5404777235630969E-003    15507.20528321577     
   9.5575445990513479E-003    15505.90709103096     
   9.5746114745395971E-003    15504.61352699181     
   9.5916783500278480E-003    15503.32456639312     
   9.6087458992706060E-003    15502.04013409113     
   9.6258127747588570E-003    15500.76030713675     
   9.6428796502471062E-003    15499.48501055228     
   9.6599471994898677E-003    15498.21417024670     
   9.6770140749781169E-003    15496.94786271048     
   9.6940809504663678E-003    15495.68601401235     
   9.7111478259546170E-003    15494.42860064329     
   9.7282147014428662E-003    15493.17559925943     
   9.7452822506856260E-003    15491.92693747477     
   9.7623491261738769E-003    15490.68269085447     
   9.7794160016621244E-003    15489.44278716218     
   9.7964835509048859E-003    15488.20715500753     
   9.8135504263931351E-003    15486.97586940393     
   9.8306173018813860E-003    15485.74885910507     
   9.8476841773696352E-003    15484.52610188255     
   9.8647510528578862E-003    15483.30757566137     
   9.8818186021006442E-003    15482.09321066377     
   9.8988854775888951E-003    15480.88308099433     
   9.9159523530771444E-003    15479.67711701061     
   9.9330199023199041E-003    15478.47524987678     
   9.9500867778081533E-003    15477.27755315638     
   9.9671536532964043E-003    15476.08395814361     
   9.9842205287846535E-003    15474.89444380412     
   1.0001287404272904E-002    15473.70898924722     
   1.0018354953515664E-002    15472.52752716453     
   1.0035421829003915E-002    15471.35013022625     
   1.0052488704492164E-002    15470.17673124625     
   1.0069556253734924E-002    15469.00726380881     
   1.0086623129223173E-002    15467.84180005318     
   1.0103690004711424E-002    15466.68027368108     
   1.0120756880199673E-002    15465.52266477269     
   1.0137823755687924E-002    15464.36895354315     
   1.0154891304930684E-002    15463.21907502421     
   1.0171958180418935E-002    15462.07310047948     
   1.0189025055907184E-002    15460.93096505078     
   1.0206092605149944E-002    15459.79260461577     
   1.0223159480638193E-002    15458.65808991795     
   1.0240226356126444E-002    15457.52735694078     
   1.0257293231614693E-002    15456.40038680689     
   1.0274360107102944E-002    15455.27716076493     
   1.0291427656345702E-002    15454.15761606562     
   1.0308494531833953E-002    15453.04182259440     
   1.0325561407322202E-002    15451.92971770110     
   1.0342628956564964E-002    15450.82123943972     
   1.0359695832053213E-002    15449.71645718558     
   1.0376762707541464E-002    15448.61530908803     
   1.0393829583029713E-002    15447.51777724434     
   1.0410896458517963E-002    15446.42384387018     
   1.0427964007760722E-002    15445.33344832278     
   1.0445030883248973E-002    15444.24665913757     
   1.0462097758737221E-002    15443.16341576091     
   1.0479165307979982E-002    15442.08365831338     
   1.0496232183468231E-002    15441.00745483057     
   1.0513299058956482E-002    15439.93474551865     
   1.0530365934444732E-002    15438.86551338778     
   1.0547432809932982E-002    15437.79974155875     
   1.0564500359175740E-002    15436.73737139092     
   1.0581567234663991E-002    15435.67847009688     
   1.0598634110152241E-002    15434.62297911642     
   1.0615701659395000E-002    15433.57084053343     
   1.0632768534883250E-002    15432.52212107271     
   1.0649835410371501E-002    15431.47676289558     
   1.0666902285859751E-002    15430.43474986722     
   1.0683969161348002E-002    15429.39606595708     
   1.0701036710590760E-002    15428.36065442776     
   1.0718103586079011E-002    15427.32858119851     
   1.0735170461567261E-002    15426.29978960389     
   1.0752238010810020E-002    15425.27422359612     
   1.0769304886298270E-002    15424.25194861713     
   1.0786371761786520E-002    15423.23290868803     
   1.0803438637274770E-002    15422.21708847671     
   1.0820505512763021E-002    15421.20447274791     
   1.0837573062005780E-002    15420.19500657567     
   1.0854639937494031E-002    15419.18875461439     
   1.0871706812982281E-002    15418.18566200209     
   1.0888774362225040E-002    15417.18567446921     
   1.0905841237713289E-002    15416.18885620357     
   1.0922908113201540E-002    15415.19515299667     
   1.0939974988689790E-002    15414.20455026981     
   1.0957041864178041E-002    15413.21703353458     
   1.0974109413420799E-002    15412.23254959022     
   1.0991176288909050E-002    15411.25116185396     
   1.1008243164397299E-002    15410.27281718206     
   1.1025310713640060E-002    15409.29746299942     
   1.1042377589128309E-002    15408.32516226702     
   1.1059444464616560E-002    15407.35586246412     
   1.1076511340104808E-002    15406.38954971899     
   1.1093578215593059E-002    15405.42621024544     
   1.1110645764835819E-002    15404.46579248666     
   1.1127712640324068E-002    15403.50835865088     
   1.1144779515812317E-002    15402.55385723231     
   1.1161847065055078E-002    15401.60223727116     
   1.1178913940543328E-002    15400.65356052926     
   1.1195980816031579E-002    15399.70777609584     
   1.1213047691519828E-002    15398.76487076360     
   1.1230114567008079E-002    15397.82483140590     
   1.1247182116250837E-002    15396.88760803462     
   1.1264248991739088E-002    15395.95326167652     
   1.1281315867227337E-002    15395.02174238850     
   1.1298383416470097E-002    15394.09300075172     
   1.1315449618203837E-002    15393.16713385381     
   1.1332517167446597E-002    15392.24398282819     
   1.1349584716689357E-002    15391.32360830663     
   1.1366650918423099E-002    15390.40607012004     
   1.1383718467665857E-002    15389.49121094351     
   1.1400786016908616E-002    15388.57909097458     
   1.1417852218642357E-002    15387.66976962010     
   1.1434919767885117E-002    15386.76309107456     
   1.1451985969618857E-002    15385.85918636935     
   1.1469053518861617E-002    15384.95790069907     
   1.1486121068104375E-002    15384.05929354685     
   1.1503187269838117E-002    15383.16342362076     
   1.1520254819080877E-002    15382.27013759818     
   1.1537321020814617E-002    15381.37956475146     
   1.1554388570057377E-002    15380.49155273401     
   1.1571456119300137E-002    15379.60616032449     
   1.1588522321033875E-002    15378.72344554284     
   1.1605589870276637E-002    15377.84325748893     
   1.1622657419519395E-002    15376.96565452379     
   1.1639723621253135E-002    15376.09069425942     
   1.1656791170495895E-002    15375.21822722137     
   1.1673858719738656E-002    15374.34831135691     
   1.1690924921472395E-002    15373.48100387343     
   1.1707992470715156E-002    15372.61615670170     
   1.1725058672448895E-002    15371.75389536227     
   1.1742126221691655E-002    15370.89407271213     
   1.1759193770934415E-002    15370.03674601657     
   1.1776259972668155E-002    15369.18197181686     
   1.1793327521910913E-002    15368.32960434181     
   1.1810393723644655E-002    15367.47976745755     
   1.1827461272887413E-002    15366.63231629700     
   1.1844528822130175E-002    15365.78730745472     
   1.1861595023863915E-002    15364.94479681480     
   1.1878662573106675E-002    15364.10464085039     
   1.1895730122349433E-002    15363.26689575807     
   1.1912796324083175E-002    15362.43161703250     
   1.1929863873325933E-002    15361.59866246837     
   1.1946931422568693E-002    15360.76808786717     
   1.1963997624302433E-002    15359.93994833868     
   1.1981065173545193E-002    15359.11410297955     
   1.1998131375278933E-002    15358.29067212482     
   1.2015198924521695E-002    15357.46951572987     
   1.2032266473764453E-002    15356.65068894799     
   1.2049332675498195E-002    15355.83424625224     
   1.2066400224740953E-002    15355.02004887093     
   1.2083466426474695E-002    15354.20821558188     
   1.2100533975717453E-002    15353.39860845217     
   1.2117601524960213E-002    15352.59128199490     
   1.2134667726693953E-002    15351.78629005771     
   1.2151735275936713E-002    15350.98349595095     
   1.2168802825179473E-002    15350.18295380886     
   1.2185869026913213E-002    15349.38471710781     
   1.2202936576155973E-002    15348.58865038483     
   1.2220004125398733E-002    15347.79480739840     
   1.2237070327132473E-002    15347.00324125722     
   1.2254137876375233E-002    15346.21381770805     
   1.2271204078108972E-002    15345.42665220371     
   1.2288271627351733E-002    15344.64161128912     
   1.2305339176594491E-002    15343.85874810355     
   1.2322405378328231E-002    15343.07811515024     
   1.2339472927570991E-002    15342.29958015610     
   1.2356539129304732E-002    15341.52325710681     
   1.2373606678547491E-002    15340.74901450955     
   1.2390674227790253E-002    15339.97690489456     
   1.2407740429523991E-002    15339.20698016796     
   1.2424807978766751E-002    15338.43910999341     
   1.2441875528009511E-002    15337.67334654009     
   1.2458941729743251E-002    15336.90974136004     
   1.2476009278986009E-002    15336.14816525810     
   1.2493076828228771E-002    15335.38867004574     
   1.2510143029962511E-002    15334.63130692427     
   1.2527210579205271E-002    15333.87594782409     
   1.2544276780939011E-002    15333.12270359593     
   1.2561344330181771E-002    15332.37144691269     
   1.2578411879424529E-002    15331.62222899668     
   1.2595478081158271E-002    15330.87510047166     
   1.2612545630401029E-002    15330.12993511183     
   1.2629611832134771E-002    15329.38684238394     
   1.2646679381377529E-002    15328.64569678811     
   1.2663746930620289E-002    15327.90654896658     
   1.2680813132354030E-002    15327.16944897401     
   1.2697880681596791E-002    15326.43427238808     
   1.2714948230839549E-002    15325.70106950652     
   1.2732014432573291E-002    15324.96989004712     
   1.2749081981816049E-002    15324.24061065089     
   1.2766149531058809E-002    15323.51328127440     
   1.2783215732792549E-002    15322.78795130131     
   1.2800283282035309E-002    15322.06449842191     
   1.2817349483769050E-002    15321.34302914529     
   1.2834417033011809E-002    15320.62342185392     
   1.2851484582254569E-002    15319.90572594371     
   1.2868550783988309E-002    15319.18999024729     
   1.2885618333231069E-002    15318.47609417431     
   1.2902684534964810E-002    15317.76414292786     
   1.2919752084207569E-002    15317.05401659469     
   1.2936819633450329E-002    15316.34576401781     
   1.2953885835184068E-002    15315.63943348752     
   1.2970953384426829E-002    15314.93490609640     
   1.2988020933669587E-002    15314.23223035956     
   1.3005087135403328E-002    15313.53145424573     
   1.3022154684646089E-002    15312.83245984013     
   1.3039222233888849E-002    15312.13529533295     
   1.3056288435622588E-002    15311.44000837435     
   1.3073355984865349E-002    15310.74648202932     
   1.3090422186599088E-002    15310.05481870753     
   1.3107489735841847E-002    15309.36490212046     
   1.3124557285084607E-002    15308.67677992331     
   1.3141623486818348E-002    15307.99049924173     
   1.3158691036061106E-002    15307.30594474698     
   1.3175757237794848E-002    15306.62321761382     
   1.3192824787037608E-002    15305.94220314648     
   1.3209892336280367E-002    15305.26294847391     
   1.3226958538014108E-002    15304.58550020431     
   1.3244026087256867E-002    15303.90974458148     
   1.3261093636499625E-002    15303.23572842164     
   1.3278159838233368E-002    15302.56349802687     
   1.3295227387476126E-002    15301.89294056892     
   1.3312294936718885E-002    15301.22410255453     
   1.3329361138452626E-002    15300.55702998199     
   1.3346428687695385E-002    15299.89161093952     
   1.3363494889429126E-002    15299.22794396188     
   1.3380562438671887E-002    15298.56591774201     
   1.3397629987914645E-002    15297.90557827763     
   1.3414696189648388E-002    15297.24697106609     
   1.3431763738891146E-002    15296.58998569860     
   1.3448829940624886E-002    15295.93471954250     
   1.3465897489867646E-002    15295.28106278124     
   1.3482965039110405E-002    15294.62906091033     
   1.3500031240844144E-002    15293.97875893456     
   1.3517098790086906E-002    15293.33004791634     
   1.3534166339329665E-002    15292.68297305364     
   1.3551232541063406E-002    15292.03757905929     
   1.3568300090306165E-002    15291.39375786453     
   1.3585367639548925E-002    15290.75155437228     
   1.3602433841282664E-002    15290.11101300572     
   1.3619501390525425E-002    15289.47202655452     
   1.3636567592259164E-002    15288.83468988937     
   1.3653635141501924E-002    15288.19889636642     
   1.3670702690744684E-002    15287.56469040321     
   1.3687768892478424E-002    15286.93211594556     
   1.3704836441721184E-002    15286.30106719102     
   1.3721902643454926E-002    15285.67163790557     
   1.3738970192697686E-002    15285.04372284248     
   1.3756037741940442E-002    15284.41736594015     
   1.3773103943674184E-002    15283.79261067441     
   1.3790171492916944E-002    15283.16935262290     
   1.3807239042159703E-002    15282.54763544093     
   1.3824305243893442E-002    15281.92750232504     
   1.3841372793136202E-002    15281.30884966800     
   1.3858440342378963E-002    15280.69172084343     
   1.3875506544112704E-002    15280.07615877210     
   1.3892574093355462E-002    15279.46206065169     
   1.3909640295089204E-002    15278.84951788332     
   1.3926707844331964E-002    15278.23842819635     
   1.3943775393574723E-002    15277.62883450138     
   1.3960841595308462E-002    15277.02077926384     
   1.3977909144551222E-002    15276.41416100287     
   1.3994975346284964E-002    15275.80907007272     
   1.4012042895527724E-002    15275.20540551379     
   1.4029110444770482E-002    15274.60320978059     
   1.4046176646504224E-002    15274.00252488964     
   1.4063244195746984E-002    15273.40325065591     
   1.4080311744989743E-002    15272.80542926272     
   1.4097377946723482E-002    15272.20910246138     
   1.4114445495966242E-002    15271.61417083118     
   1.4131513045209002E-002    15271.02067628804     
   1.4148579246942744E-002    15270.42866031914     
   1.4165646796185500E-002    15269.83802426046     
   1.4182712997919242E-002    15269.24885622562     
   1.4199780547162002E-002    15268.66105804997     
   1.4216848096404763E-002    15268.07467120739     
   1.4233914298138502E-002    15267.48973675093     
   1.4250981847381262E-002    15266.90615725815     
   1.4268048049115000E-002    15266.32401985031     
   1.4285115598357760E-002    15265.74322759488     
   1.4302183147600520E-002    15265.16382153035     
   1.4319249349334262E-002    15264.58584228204     
   1.4336316898577018E-002    15264.00919364469     
   1.4353384447819782E-002    15263.43391639951     
   1.4370450649553522E-002    15262.86005091708     
   1.4387518198796282E-002    15262.28750171224     
   1.4404585748039041E-002    15261.71630931005     
   1.4421651949772780E-002    15261.14651382980     
   1.4438719499015540E-002    15260.57802049779     
   1.4455785700749282E-002    15260.01091430954     
   1.4472853249992042E-002    15259.44510096182     
   1.4489920799234798E-002    15258.88062055750     
   1.4506987000968538E-002    15258.31751280154     
   1.4524054550211300E-002    15257.75568408821     
   1.4541120751945040E-002    15257.19521847223     
   1.4558188301187800E-002    15256.63602280891     
   1.4575255850430560E-002    15256.07813678621     
   1.4592322052164302E-002    15255.52159970054     
   1.4609389601407058E-002    15254.96631909216     
   1.4626457150649818E-002    15254.41233440314     
   1.4643523352383557E-002    15253.85968468692     
   1.4660590901626320E-002    15253.30827816205     
   1.4677658450869080E-002    15252.75815402562     
   1.4694724652602818E-002    15252.20935109166     
   1.4711792201845576E-002    15251.66177824780     
   1.4728858403579320E-002    15251.11551753132     
   1.4745925952822078E-002    15250.57047827304     
   1.4762993502064838E-002    15250.02669926788     
   1.4780059703798577E-002    15249.48421893419     
   1.4797127253041340E-002    15248.94294725989     
   1.4814193454775079E-002    15248.40296538828     
   1.4831261004017838E-002    15247.86418374272     
   1.4848328553260596E-002    15247.32664072182     
   1.4865394754994340E-002    15246.79037435288     
   1.4882462304237098E-002    15246.25529570494     
   1.4899529853479858E-002    15245.72144294151     
   1.4916596055213597E-002    15245.18885385853     
   1.4933663604456360E-002    15244.65744016317     
   1.4950731153699116E-002    15244.12723978653     
   1.4967797355432858E-002    15243.59829029475     
   1.4984864904675614E-002    15243.07050402718     
   1.5001931106409360E-002    15242.54396021027     
   1.5018998655652116E-002    15242.01857160135     
   1.5036066204894878E-002    15241.49437574623     
   1.5053132406628617E-002    15240.97140983342     
   1.5070199955871380E-002    15240.44958723977     
   1.5087266157605118E-002    15239.92898634354     
   1.5104333706847878E-002    15239.40952093079     
   1.5121401256090634E-002    15238.89122817004     
   1.5138467457824377E-002    15238.37414487669     
   1.5155535007067136E-002    15237.85818544640     
   1.5172602556309896E-002    15237.34338682319     
   1.5189668758043635E-002    15236.82978560091     
   1.5206736307286398E-002    15236.31729677900     
   1.5223803856529156E-002    15235.80595707755     
   1.5240870058262895E-002    15235.29580287173     
   1.5257937607505654E-002    15234.78674975729     
   1.5275003809239397E-002    15234.27887428979     
   1.5292071358482156E-002    15233.77209245912     
   1.5309138907724916E-002    15233.26644061860     
   1.5326205109458655E-002    15232.76195478183     
   1.5343272658701414E-002    15232.25855152482     
   1.5360338860435157E-002    15231.75630659485     
   1.5377406409677915E-002    15231.25513695546     
   1.5394473958920674E-002    15230.75507859785     
   1.5411540160654416E-002    15230.25616717996     
   1.5428607709897176E-002    15229.75832023950     
   1.5445675259139932E-002    15229.26157355408     
   1.5462741460873675E-002    15228.76596256950     
   1.5479809010116434E-002    15228.27140539378     
   1.5496876559359194E-002    15227.77793759136     
   1.5513942761092933E-002    15227.28559439827     
   1.5531010310335694E-002    15226.79429448686     
   1.5548076512069435E-002    15226.30411187083     
   1.5565144061312196E-002    15225.81496559530     
   1.5582211610554952E-002    15225.32689087373     
   1.5599277812288695E-002    15224.83992259657     
   1.5616345361531454E-002    15224.35398036244     
   1.5633411563265195E-002    15223.86913741707     
   1.5650479112507953E-002    15223.38531372500     
   1.5667546661750714E-002    15222.90254415379     
   1.5684612863484455E-002    15222.42086325358     
   1.5701680412727216E-002    15221.94019153320     
   1.5718747961969971E-002    15221.46056365536     
   1.5735814163703711E-002    15220.98201396755     
   1.5752881712946473E-002    15220.50446351787     
   1.5769949262189234E-002    15220.02794676529     
   1.5787015463922971E-002    15219.55249785675     
   1.5804083013165732E-002    15219.07803837383     
   1.5821149214899476E-002    15218.60463991165     
   1.5838216764142231E-002    15218.13222440418     
   1.5855284313384992E-002    15217.66082597551     
   1.5872350515118729E-002    15217.19047844135     
   1.5889418064361494E-002    15216.72110426049     
   1.5906484266095231E-002    15216.25277429592     
   1.5923551815337993E-002    15215.78541135261     
   1.5940619364580751E-002    15215.31904922319     
   1.5957685566314495E-002    15214.85372139837     
   1.5974753115557253E-002    15214.38935119838     
   1.5991820664800011E-002    15213.92597221981     
   1.6008886866533751E-002    15213.46361775994     
   1.6025954415776512E-002    15213.00221164945     
   1.6043021965019274E-002    15212.54178729009     
   1.6060088166753011E-002    15212.08237778692     
   1.6077155715995769E-002    15211.62390747609     
   1.6094221917729513E-002    15211.16644564834     
   1.6111289466972271E-002    15210.70991697290     
   1.6128357016215032E-002    15210.25435453147     
   1.6145423217948769E-002    15209.79979111265     
   1.6162490767191534E-002    15209.34615188284     
   1.6179556968925271E-002    15208.89350543511     
   1.6196624518168033E-002    15208.44177726412     
   1.6213692067410787E-002    15207.99100013479     
   1.6230758269144534E-002    15207.54120652416     
   1.6247825818387289E-002    15207.09232241523     
   1.6264893367630050E-002    15206.64438038517     
   1.6281959569363787E-002    15206.19741272576     
   1.6299027118606552E-002    15205.75134590424     
   1.6316094667849310E-002    15205.30621231078     
   1.6333160869583051E-002    15204.86204405403     
   1.6350228418825809E-002    15204.41876807983     
   1.6367294620559546E-002    15203.97645148162     
   1.6384362169802311E-002    15203.53502152246     
   1.6401429719045069E-002    15203.09451028539     
   1.6418495920778809E-002    15202.65494957637     
   1.6435563470021571E-002    15202.21626712861     
   1.6452629671755311E-002    15201.77852937079     
   1.6469697220998069E-002    15201.34166434753     
   1.6486764770240827E-002    15200.90570383989     
   1.6503830971974567E-002    15200.47067935468     
   1.6520898521217329E-002    15200.03651939974     
   1.6537966070460090E-002    15199.60325557687     
   1.6555032272193827E-002    15199.17091921493     
   1.6572099821436589E-002    15198.73943928184     
   1.6589167370679347E-002    15198.30884719962     
   1.6606233572413087E-002    15197.87917412219     
   1.6623301121655849E-002    15197.45034947146     
   1.6640367323389586E-002    15197.02243824549     
   1.6657434872632351E-002    15196.59537016639     
   1.6674502421875105E-002    15196.16917636276     
   1.6691568623608849E-002    15195.74388769853     
   1.6708636172851607E-002    15195.31943434285     
   1.6725702374585351E-002    15194.89588065902     
   1.6742769923828105E-002    15194.47315711189     
   1.6759837473070867E-002    15194.05129454043     
   1.6776903674804607E-002    15193.63032352189     
   1.6793971224047369E-002    15193.21017496118     
   1.6811038773290127E-002    15192.79087952506     
   1.6828104975023867E-002    15192.37246762153     
   1.6845172524266629E-002    15191.95487059090     
   1.6862240073509387E-002    15191.53811892932     
   1.6879306275243127E-002    15191.12224287550     
   1.6896373824485885E-002    15190.70717420235     
   1.6913440026219629E-002    15190.29297590768     
   1.6930507575462387E-002    15189.87958004884     
   1.6947575124705145E-002    15189.46701684061     
   1.6964641326438885E-002    15189.05531624395     
   1.6981708875681647E-002    15188.64441074177     
   1.6998775077415387E-002    15188.23436272489     
   1.7015842626658145E-002    15187.82510495793     
   1.7032910175900907E-002    15187.41666737650     
   1.7049976377634647E-002    15187.00907966744     
   1.7067043926877409E-002    15186.60227501363     
